{
  "1": {
    "symmetries_discrete": [
      [
        0.8660254037844387,
        0.0,
        0.49999999999999994,
        0.0,
        0.0,
        1.0,
        0.0,
        0.0,
        -0.49999999999999994,
        0.0,
        0.8660254037844387,
        0.0,
        0.0,
        0.0,
        0.0,
        1.0
      ],
      [
        0.5000000000000001,
        0.0,
        0.8660254037844386,
        0.0,
        0.0,
        1.0,
        0.0,
        0.0,
        -0.8660254037844386,
        0.0,
        0.5000000000000001,
        0.0,
        0.0,
        0.0,
        0.0,
        1.0
      ],
      [
        6.123233995736766e-17,
        0.0,
        1.0,
        0.0,
        0.0,
        1.0,
        0.0,
        0.0,
        -1.0,
        0.0,
        6.123233995736766e-17,
        0.0,
        0.0,
        0.0,
        0.0,
        1.0
      ],
      [
        -0.4999999999999998,
        0.0,
        0.8660254037844387,
        0.0,
        0.0,
        1.0,
        0.0,
        0.0,
        -0.8660254037844387,
        0.0,
        -0.4999999999999998,
        0.0,
        0.0,
        0.0,
        0.0,
        1.0
      ],
      [
        -0.8660254037844387,
        0.0,
        0.49999999999999994,
        0.0,
        0.0,
        1.0,
        0.0,
        0.0,
        -0.49999999999999994,
        0.0,
        -0.8660254037844387,
        0.0,
        0.0,
        0.0,
        0.0,
        1.0
      ],
      [
        -1.0,
        0.0,
        1.2246467991473532e-16,
        0.0,
        0.0,
        1.0,
        0.0,
        0.0,
        -1.2246467991473532e-16,
        0.0,
        -1.0,
        0.0,
        0.0,
        0.0,
        0.0,
        1.0
      ],
      [
        -0.8660254037844388,
        0.0,
        -0.4999999999999997,
        0.0,
        0.0,
        1.0,
        0.0,
        0.0,
        0.4999999999999997,
        0.0,
        -0.8660254037844388,
        0.0,
        0.0,
        0.0,
        0.0,
        1.0
      ],
      [
        -0.5000000000000004,
        0.0,
        -0.8660254037844384,
        0.0,
        0.0,
        1.0,
        0.0,
        0.0,
        0.8660254037844384,
        0.0,
        -0.5000000000000004,
        0.0,
        0.0,
        0.0,
        0.0,
        1.0
      ],
      [
        -1.8369701987210297e-16,
        0.0,
        -1.0,
        0.0,
        0.0,
        1.0,
        0.0,
        0.0,
        1.0,
        0.0,
        -1.8369701987210297e-16,
        0.0,
        0.0,
        0.0,
        0.0,
        1.0
      ],
      [
        0.5000000000000001,
        0.0,
        -0.8660254037844386,
        0.0,
        0.0,
        1.0,
        0.0,
        0.0,
        0.8660254037844386,
        0.0,
        0.5000000000000001,
        0.0,
        0.0,
        0.0,
        0.0,
        1.0
      ],
      [
        0.8660254037844384,
        0.0,
        -0.5000000000000004,
        0.0,
        0.0,
        1.0,
        0.0,
        0.0,
        0.5000000000000004,
        0.0,
        0.8660254037844384,
        0.0,
        0.0,
        0.0,
        0.0,
        1.0
      ]
    ]
  },
  "2": {
    "symmetries_discrete": [
      [
        0.8660254037844387,
        0.0,
        0.49999999999999994,
        0.0,
        0.0,
        1.0,
        0.0,
        0.0,
        -0.49999999999999994,
        0.0,
        0.8660254037844387,
        0.0,
        0.0,
        0.0,
        0.0,
        1.0
      ],
      [
        0.5000000000000001,
        0.0,
        0.8660254037844386,
        0.0,
        0.0,
        1.0,
        0.0,
        0.0,
        -0.8660254037844386,
        0.0,
        0.5000000000000001,
        0.0,
        0.0,
        0.0,
        0.0,
        1.0
      ],
      [
        6.123233995736766e-17,
        0.0,
        1.0,
        0.0,
        0.0,
        1.0,
        0.0,
        0.0,
        -1.0,
        0.0,
        6.123233995736766e-17,
        0.0,
        0.0,
        0.0,
        0.0,
        1.0
      ],
      [
        -0.4999999999999998,
        0.0,
        0.8660254037844387,
        0.0,
        0.0,
        1.0,
        0.0,
        0.0,
        -0.8660254037844387,
        0.0,
        -0.4999999999999998,
        0.0,
        0.0,
        0.0,
        0.0,
        1.0
      ],
      [
        -0.8660254037844387,
        0.0,
        0.49999999999999994,
        0.0,
        0.0,
        1.0,
        0.0,
        0.0,
        -0.49999999999999994,
        0.0,
        -0.8660254037844387,
        0.0,
        0.0,
        0.0,
        0.0,
        1.0
      ],
      [
        -1.0,
        0.0,
        1.2246467991473532e-16,
        0.0,
        0.0,
        1.0,
        0.0,
        0.0,
        -1.2246467991473532e-16,
        0.0,
        -1.0,
        0.0,
        0.0,
        0.0,
        0.0,
        1.0
      ],
      [
        -0.8660254037844388,
        0.0,
        -0.4999999999999997,
        0.0,
        0.0,
        1.0,
        0.0,
        0.0,
        0.4999999999999997,
        0.0,
        -0.8660254037844388,
        0.0,
        0.0,
        0.0,
        0.0,
        1.0
      ],
      [
        -0.5000000000000004,
        0.0,
        -0.8660254037844384,
        0.0,
        0.0,
        1.0,
        0.0,
        0.0,
        0.8660254037844384,
        0.0,
        -0.5000000000000004,
        0.0,
        0.0,
        0.0,
        0.0,
        1.0
      ],
      [
        -1.8369701987210297e-16,
        0.0,
        -1.0,
        0.0,
        0.0,
        1.0,
        0.0,
        0.0,
        1.0,
        0.0,
        -1.8369701987210297e-16,
        0.0,
        0.0,
        0.0,
        0.0,
        1.0
      ],
      [
        0.5000000000000001,
        0.0,
        -0.8660254037844386,
        0.0,
        0.0,
        1.0,
        0.0,
        0.0,
        0.8660254037844386,
        0.0,
        0.5000000000000001,
        0.0,
        0.0,
        0.0,
        0.0,
        1.0
      ],
      [
        0.8660254037844384,
        0.0,
        -0.5000000000000004,
        0.0,
        0.0,
        1.0,
        0.0,
        0.0,
        0.5000000000000004,
        0.0,
        0.8660254037844384,
        0.0,
        0.0,
        0.0,
        0.0,
        1.0
      ]
    ]
  },
  "3": {
    "symmetries_discrete": [
      [
        0.8660254037844387,
        0.0,
        0.49999999999999994,
        0.0,
        0.0,
        1.0,
        0.0,
        0.0,
        -0.49999999999999994,
        0.0,
        0.8660254037844387,
        0.0,
        0.0,
        0.0,
        0.0,
        1.0
      ],
      [
        0.5000000000000001,
        0.0,
        0.8660254037844386,
        0.0,
        0.0,
        1.0,
        0.0,
        0.0,
        -0.8660254037844386,
        0.0,
        0.5000000000000001,
        0.0,
        0.0,
        0.0,
        0.0,
        1.0
      ],
      [
        6.123233995736766e-17,
        0.0,
        1.0,
        0.0,
        0.0,
        1.0,
        0.0,
        0.0,
        -1.0,
        0.0,
        6.123233995736766e-17,
        0.0,
        0.0,
        0.0,
        0.0,
        1.0
      ],
      [
        -0.4999999999999998,
        0.0,
        0.8660254037844387,
        0.0,
        0.0,
        1.0,
        0.0,
        0.0,
        -0.8660254037844387,
        0.0,
        -0.4999999999999998,
        0.0,
        0.0,
        0.0,
        0.0,
        1.0
      ],
      [
        -0.8660254037844387,
        0.0,
        0.49999999999999994,
        0.0,
        0.0,
        1.0,
        0.0,
        0.0,
        -0.49999999999999994,
        0.0,
        -0.8660254037844387,
        0.0,
        0.0,
        0.0,
        0.0,
        1.0
      ],
      [
        -1.0,
        0.0,
        1.2246467991473532e-16,
        0.0,
        0.0,
        1.0,
        0.0,
        0.0,
        -1.2246467991473532e-16,
        0.0,
        -1.0,
        0.0,
        0.0,
        0.0,
        0.0,
        1.0
      ],
      [
        -0.8660254037844388,
        0.0,
        -0.4999999999999997,
        0.0,
        0.0,
        1.0,
        0.0,
        0.0,
        0.4999999999999997,
        0.0,
        -0.8660254037844388,
        0.0,
        0.0,
        0.0,
        0.0,
        1.0
      ],
      [
        -0.5000000000000004,
        0.0,
        -0.8660254037844384,
        0.0,
        0.0,
        1.0,
        0.0,
        0.0,
        0.8660254037844384,
        0.0,
        -0.5000000000000004,
        0.0,
        0.0,
        0.0,
        0.0,
        1.0
      ],
      [
        -1.8369701987210297e-16,
        0.0,
        -1.0,
        0.0,
        0.0,
        1.0,
        0.0,
        0.0,
        1.0,
        0.0,
        -1.8369701987210297e-16,
        0.0,
        0.0,
        0.0,
        0.0,
        1.0
      ],
      [
        0.5000000000000001,
        0.0,
        -0.8660254037844386,
        0.0,
        0.0,
        1.0,
        0.0,
        0.0,
        0.8660254037844386,
        0.0,
        0.5000000000000001,
        0.0,
        0.0,
        0.0,
        0.0,
        1.0
      ],
      [
        0.8660254037844384,
        0.0,
        -0.5000000000000004,
        0.0,
        0.0,
        1.0,
        0.0,
        0.0,
        0.5000000000000004,
        0.0,
        0.8660254037844384,
        0.0,
        0.0,
        0.0,
        0.0,
        1.0
      ]
    ]
  },
  "4": {
    "symmetries_discrete": [
      [
        0.8660254037844387,
        0.0,
        0.49999999999999994,
        0.0,
        0.0,
        1.0,
        0.0,
        0.0,
        -0.49999999999999994,
        0.0,
        0.8660254037844387,
        0.0,
        0.0,
        0.0,
        0.0,
        1.0
      ],
      [
        0.5000000000000001,
        0.0,
        0.8660254037844386,
        0.0,
        0.0,
        1.0,
        0.0,
        0.0,
        -0.8660254037844386,
        0.0,
        0.5000000000000001,
        0.0,
        0.0,
        0.0,
        0.0,
        1.0
      ],
      [
        6.123233995736766e-17,
        0.0,
        1.0,
        0.0,
        0.0,
        1.0,
        0.0,
        0.0,
        -1.0,
        0.0,
        6.123233995736766e-17,
        0.0,
        0.0,
        0.0,
        0.0,
        1.0
      ],
      [
        -0.4999999999999998,
        0.0,
        0.8660254037844387,
        0.0,
        0.0,
        1.0,
        0.0,
        0.0,
        -0.8660254037844387,
        0.0,
        -0.4999999999999998,
        0.0,
        0.0,
        0.0,
        0.0,
        1.0
      ],
      [
        -0.8660254037844387,
        0.0,
        0.49999999999999994,
        0.0,
        0.0,
        1.0,
        0.0,
        0.0,
        -0.49999999999999994,
        0.0,
        -0.8660254037844387,
        0.0,
        0.0,
        0.0,
        0.0,
        1.0
      ],
      [
        -1.0,
        0.0,
        1.2246467991473532e-16,
        0.0,
        0.0,
        1.0,
        0.0,
        0.0,
        -1.2246467991473532e-16,
        0.0,
        -1.0,
        0.0,
        0.0,
        0.0,
        0.0,
        1.0
      ],
      [
        -0.8660254037844388,
        0.0,
        -0.4999999999999997,
        0.0,
        0.0,
        1.0,
        0.0,
        0.0,
        0.4999999999999997,
        0.0,
        -0.8660254037844388,
        0.0,
        0.0,
        0.0,
        0.0,
        1.0
      ],
      [
        -0.5000000000000004,
        0.0,
        -0.8660254037844384,
        0.0,
        0.0,
        1.0,
        0.0,
        0.0,
        0.8660254037844384,
        0.0,
        -0.5000000000000004,
        0.0,
        0.0,
        0.0,
        0.0,
        1.0
      ],
      [
        -1.8369701987210297e-16,
        0.0,
        -1.0,
        0.0,
        0.0,
        1.0,
        0.0,
        0.0,
        1.0,
        0.0,
        -1.8369701987210297e-16,
        0.0,
        0.0,
        0.0,
        0.0,
        1.0
      ],
      [
        0.5000000000000001,
        0.0,
        -0.8660254037844386,
        0.0,
        0.0,
        1.0,
        0.0,
        0.0,
        0.8660254037844386,
        0.0,
        0.5000000000000001,
        0.0,
        0.0,
        0.0,
        0.0,
        1.0
      ],
      [
        0.8660254037844384,
        0.0,
        -0.5000000000000004,
        0.0,
        0.0,
        1.0,
        0.0,
        0.0,
        0.5000000000000004,
        0.0,
        0.8660254037844384,
        0.0,
        0.0,
        0.0,
        0.0,
        1.0
      ]
    ]
  },
  "5": {
    "symmetries_discrete": [
      [
        0.8660254037844387,
        0.0,
        0.49999999999999994,
        0.0,
        0.0,
        1.0,
        0.0,
        0.0,
        -0.49999999999999994,
        0.0,
        0.8660254037844387,
        0.0,
        0.0,
        0.0,
        0.0,
        1.0
      ],
      [
        0.5000000000000001,
        0.0,
        0.8660254037844386,
        0.0,
        0.0,
        1.0,
        0.0,
        0.0,
        -0.8660254037844386,
        0.0,
        0.5000000000000001,
        0.0,
        0.0,
        0.0,
        0.0,
        1.0
      ],
      [
        6.123233995736766e-17,
        0.0,
        1.0,
        0.0,
        0.0,
        1.0,
        0.0,
        0.0,
        -1.0,
        0.0,
        6.123233995736766e-17,
        0.0,
        0.0,
        0.0,
        0.0,
        1.0
      ],
      [
        -0.4999999999999998,
        0.0,
        0.8660254037844387,
        0.0,
        0.0,
        1.0,
        0.0,
        0.0,
        -0.8660254037844387,
        0.0,
        -0.4999999999999998,
        0.0,
        0.0,
        0.0,
        0.0,
        1.0
      ],
      [
        -0.8660254037844387,
        0.0,
        0.49999999999999994,
        0.0,
        0.0,
        1.0,
        0.0,
        0.0,
        -0.49999999999999994,
        0.0,
        -0.8660254037844387,
        0.0,
        0.0,
        0.0,
        0.0,
        1.0
      ],
      [
        -1.0,
        0.0,
        1.2246467991473532e-16,
        0.0,
        0.0,
        1.0,
        0.0,
        0.0,
        -1.2246467991473532e-16,
        0.0,
        -1.0,
        0.0,
        0.0,
        0.0,
        0.0,
        1.0
      ],
      [
        -0.8660254037844388,
        0.0,
        -0.4999999999999997,
        0.0,
        0.0,
        1.0,
        0.0,
        0.0,
        0.4999999999999997,
        0.0,
        -0.8660254037844388,
        0.0,
        0.0,
        0.0,
        0.0,
        1.0
      ],
      [
        -0.5000000000000004,
        0.0,
        -0.8660254037844384,
        0.0,
        0.0,
        1.0,
        0.0,
        0.0,
        0.8660254037844384,
        0.0,
        -0.5000000000000004,
        0.0,
        0.0,
        0.0,
        0.0,
        1.0
      ],
      [
        -1.8369701987210297e-16,
        0.0,
        -1.0,
        0.0,
        0.0,
        1.0,
        0.0,
        0.0,
        1.0,
        0.0,
        -1.8369701987210297e-16,
        0.0,
        0.0,
        0.0,
        0.0,
        1.0
      ],
      [
        0.5000000000000001,
        0.0,
        -0.8660254037844386,
        0.0,
        0.0,
        1.0,
        0.0,
        0.0,
        0.8660254037844386,
        0.0,
        0.5000000000000001,
        0.0,
        0.0,
        0.0,
        0.0,
        1.0
      ],
      [
        0.8660254037844384,
        0.0,
        -0.5000000000000004,
        0.0,
        0.0,
        1.0,
        0.0,
        0.0,
        0.5000000000000004,
        0.0,
        0.8660254037844384,
        0.0,
        0.0,
        0.0,
        0.0,
        1.0
      ]
    ]
  },
  "6": {
    "symmetries_discrete": [
      [
        0.8660254037844387,
        0.0,
        0.49999999999999994,
        0.0,
        0.0,
        1.0,
        0.0,
        0.0,
        -0.49999999999999994,
        0.0,
        0.8660254037844387,
        0.0,
        0.0,
        0.0,
        0.0,
        1.0
      ],
      [
        0.5000000000000001,
        0.0,
        0.8660254037844386,
        0.0,
        0.0,
        1.0,
        0.0,
        0.0,
        -0.8660254037844386,
        0.0,
        0.5000000000000001,
        0.0,
        0.0,
        0.0,
        0.0,
        1.0
      ],
      [
        6.123233995736766e-17,
        0.0,
        1.0,
        0.0,
        0.0,
        1.0,
        0.0,
        0.0,
        -1.0,
        0.0,
        6.123233995736766e-17,
        0.0,
        0.0,
        0.0,
        0.0,
        1.0
      ],
      [
        -0.4999999999999998,
        0.0,
        0.8660254037844387,
        0.0,
        0.0,
        1.0,
        0.0,
        0.0,
        -0.8660254037844387,
        0.0,
        -0.4999999999999998,
        0.0,
        0.0,
        0.0,
        0.0,
        1.0
      ],
      [
        -0.8660254037844387,
        0.0,
        0.49999999999999994,
        0.0,
        0.0,
        1.0,
        0.0,
        0.0,
        -0.49999999999999994,
        0.0,
        -0.8660254037844387,
        0.0,
        0.0,
        0.0,
        0.0,
        1.0
      ],
      [
        -1.0,
        0.0,
        1.2246467991473532e-16,
        0.0,
        0.0,
        1.0,
        0.0,
        0.0,
        -1.2246467991473532e-16,
        0.0,
        -1.0,
        0.0,
        0.0,
        0.0,
        0.0,
        1.0
      ],
      [
        -0.8660254037844388,
        0.0,
        -0.4999999999999997,
        0.0,
        0.0,
        1.0,
        0.0,
        0.0,
        0.4999999999999997,
        0.0,
        -0.8660254037844388,
        0.0,
        0.0,
        0.0,
        0.0,
        1.0
      ],
      [
        -0.5000000000000004,
        0.0,
        -0.8660254037844384,
        0.0,
        0.0,
        1.0,
        0.0,
        0.0,
        0.8660254037844384,
        0.0,
        -0.5000000000000004,
        0.0,
        0.0,
        0.0,
        0.0,
        1.0
      ],
      [
        -1.8369701987210297e-16,
        0.0,
        -1.0,
        0.0,
        0.0,
        1.0,
        0.0,
        0.0,
        1.0,
        0.0,
        -1.8369701987210297e-16,
        0.0,
        0.0,
        0.0,
        0.0,
        1.0
      ],
      [
        0.5000000000000001,
        0.0,
        -0.8660254037844386,
        0.0,
        0.0,
        1.0,
        0.0,
        0.0,
        0.8660254037844386,
        0.0,
        0.5000000000000001,
        0.0,
        0.0,
        0.0,
        0.0,
        1.0
      ],
      [
        0.8660254037844384,
        0.0,
        -0.5000000000000004,
        0.0,
        0.0,
        1.0,
        0.0,
        0.0,
        0.5000000000000004,
        0.0,
        0.8660254037844384,
        0.0,
        0.0,
        0.0,
        0.0,
        1.0
      ]
    ]
  },
  "7": {},
  "8": {},
  "9": {},
  "10": {
    "symmetries_discrete": [
      [
        0.8660254037844387,
        0.0,
        0.49999999999999994,
        0.0,
        0.0,
        1.0,
        0.0,
        0.0,
        -0.49999999999999994,
        0.0,
        0.8660254037844387,
        0.0,
        0.0,
        0.0,
        0.0,
        1.0
      ],
      [
        0.5000000000000001,
        0.0,
        0.8660254037844386,
        0.0,
        0.0,
        1.0,
        0.0,
        0.0,
        -0.8660254037844386,
        0.0,
        0.5000000000000001,
        0.0,
        0.0,
        0.0,
        0.0,
        1.0
      ],
      [
        6.123233995736766e-17,
        0.0,
        1.0,
        0.0,
        0.0,
        1.0,
        0.0,
        0.0,
        -1.0,
        0.0,
        6.123233995736766e-17,
        0.0,
        0.0,
        0.0,
        0.0,
        1.0
      ],
      [
        -0.4999999999999998,
        0.0,
        0.8660254037844387,
        0.0,
        0.0,
        1.0,
        0.0,
        0.0,
        -0.8660254037844387,
        0.0,
        -0.4999999999999998,
        0.0,
        0.0,
        0.0,
        0.0,
        1.0
      ],
      [
        -0.8660254037844387,
        0.0,
        0.49999999999999994,
        0.0,
        0.0,
        1.0,
        0.0,
        0.0,
        -0.49999999999999994,
        0.0,
        -0.8660254037844387,
        0.0,
        0.0,
        0.0,
        0.0,
        1.0
      ],
      [
        -1.0,
        0.0,
        1.2246467991473532e-16,
        0.0,
        0.0,
        1.0,
        0.0,
        0.0,
        -1.2246467991473532e-16,
        0.0,
        -1.0,
        0.0,
        0.0,
        0.0,
        0.0,
        1.0
      ],
      [
        -0.8660254037844388,
        0.0,
        -0.4999999999999997,
        0.0,
        0.0,
        1.0,
        0.0,
        0.0,
        0.4999999999999997,
        0.0,
        -0.8660254037844388,
        0.0,
        0.0,
        0.0,
        0.0,
        1.0
      ],
      [
        -0.5000000000000004,
        0.0,
        -0.8660254037844384,
        0.0,
        0.0,
        1.0,
        0.0,
        0.0,
        0.8660254037844384,
        0.0,
        -0.5000000000000004,
        0.0,
        0.0,
        0.0,
        0.0,
        1.0
      ],
      [
        -1.8369701987210297e-16,
        0.0,
        -1.0,
        0.0,
        0.0,
        1.0,
        0.0,
        0.0,
        1.0,
        0.0,
        -1.8369701987210297e-16,
        0.0,
        0.0,
        0.0,
        0.0,
        1.0
      ],
      [
        0.5000000000000001,
        0.0,
        -0.8660254037844386,
        0.0,
        0.0,
        1.0,
        0.0,
        0.0,
        0.8660254037844386,
        0.0,
        0.5000000000000001,
        0.0,
        0.0,
        0.0,
        0.0,
        1.0
      ],
      [
        0.8660254037844384,
        0.0,
        -0.5000000000000004,
        0.0,
        0.0,
        1.0,
        0.0,
        0.0,
        0.5000000000000004,
        0.0,
        0.8660254037844384,
        0.0,
        0.0,
        0.0,
        0.0,
        1.0
      ]
    ]
  },
  "11": {
    "symmetries_discrete": [
      [
        0.8660254037844387,
        0.0,
        0.49999999999999994,
        0.0,
        0.0,
        1.0,
        0.0,
        0.0,
        -0.49999999999999994,
        0.0,
        0.8660254037844387,
        0.0,
        0.0,
        0.0,
        0.0,
        1.0
      ],
      [
        0.5000000000000001,
        0.0,
        0.8660254037844386,
        0.0,
        0.0,
        1.0,
        0.0,
        0.0,
        -0.8660254037844386,
        0.0,
        0.5000000000000001,
        0.0,
        0.0,
        0.0,
        0.0,
        1.0
      ],
      [
        6.123233995736766e-17,
        0.0,
        1.0,
        0.0,
        0.0,
        1.0,
        0.0,
        0.0,
        -1.0,
        0.0,
        6.123233995736766e-17,
        0.0,
        0.0,
        0.0,
        0.0,
        1.0
      ],
      [
        -0.4999999999999998,
        0.0,
        0.8660254037844387,
        0.0,
        0.0,
        1.0,
        0.0,
        0.0,
        -0.8660254037844387,
        0.0,
        -0.4999999999999998,
        0.0,
        0.0,
        0.0,
        0.0,
        1.0
      ],
      [
        -0.8660254037844387,
        0.0,
        0.49999999999999994,
        0.0,
        0.0,
        1.0,
        0.0,
        0.0,
        -0.49999999999999994,
        0.0,
        -0.8660254037844387,
        0.0,
        0.0,
        0.0,
        0.0,
        1.0
      ],
      [
        -1.0,
        0.0,
        1.2246467991473532e-16,
        0.0,
        0.0,
        1.0,
        0.0,
        0.0,
        -1.2246467991473532e-16,
        0.0,
        -1.0,
        0.0,
        0.0,
        0.0,
        0.0,
        1.0
      ],
      [
        -0.8660254037844388,
        0.0,
        -0.4999999999999997,
        0.0,
        0.0,
        1.0,
        0.0,
        0.0,
        0.4999999999999997,
        0.0,
        -0.8660254037844388,
        0.0,
        0.0,
        0.0,
        0.0,
        1.0
      ],
      [
        -0.5000000000000004,
        0.0,
        -0.8660254037844384,
        0.0,
        0.0,
        1.0,
        0.0,
        0.0,
        0.8660254037844384,
        0.0,
        -0.5000000000000004,
        0.0,
        0.0,
        0.0,
        0.0,
        1.0
      ],
      [
        -1.8369701987210297e-16,
        0.0,
        -1.0,
        0.0,
        0.0,
        1.0,
        0.0,
        0.0,
        1.0,
        0.0,
        -1.8369701987210297e-16,
        0.0,
        0.0,
        0.0,
        0.0,
        1.0
      ],
      [
        0.5000000000000001,
        0.0,
        -0.8660254037844386,
        0.0,
        0.0,
        1.0,
        0.0,
        0.0,
        0.8660254037844386,
        0.0,
        0.5000000000000001,
        0.0,
        0.0,
        0.0,
        0.0,
        1.0
      ],
      [
        0.8660254037844384,
        0.0,
        -0.5000000000000004,
        0.0,
        0.0,
        1.0,
        0.0,
        0.0,
        0.5000000000000004,
        0.0,
        0.8660254037844384,
        0.0,
        0.0,
        0.0,
        0.0,
        1.0
      ]
    ]
  },
  "12": {
    "symmetries_discrete": [
      [
        0.8660254037844387,
        0.0,
        0.49999999999999994,
        0.0,
        0.0,
        1.0,
        0.0,
        0.0,
        -0.49999999999999994,
        0.0,
        0.8660254037844387,
        0.0,
        0.0,
        0.0,
        0.0,
        1.0
      ],
      [
        0.5000000000000001,
        0.0,
        0.8660254037844386,
        0.0,
        0.0,
        1.0,
        0.0,
        0.0,
        -0.8660254037844386,
        0.0,
        0.5000000000000001,
        0.0,
        0.0,
        0.0,
        0.0,
        1.0
      ],
      [
        6.123233995736766e-17,
        0.0,
        1.0,
        0.0,
        0.0,
        1.0,
        0.0,
        0.0,
        -1.0,
        0.0,
        6.123233995736766e-17,
        0.0,
        0.0,
        0.0,
        0.0,
        1.0
      ],
      [
        -0.4999999999999998,
        0.0,
        0.8660254037844387,
        0.0,
        0.0,
        1.0,
        0.0,
        0.0,
        -0.8660254037844387,
        0.0,
        -0.4999999999999998,
        0.0,
        0.0,
        0.0,
        0.0,
        1.0
      ],
      [
        -0.8660254037844387,
        0.0,
        0.49999999999999994,
        0.0,
        0.0,
        1.0,
        0.0,
        0.0,
        -0.49999999999999994,
        0.0,
        -0.8660254037844387,
        0.0,
        0.0,
        0.0,
        0.0,
        1.0
      ],
      [
        -1.0,
        0.0,
        1.2246467991473532e-16,
        0.0,
        0.0,
        1.0,
        0.0,
        0.0,
        -1.2246467991473532e-16,
        0.0,
        -1.0,
        0.0,
        0.0,
        0.0,
        0.0,
        1.0
      ],
      [
        -0.8660254037844388,
        0.0,
        -0.4999999999999997,
        0.0,
        0.0,
        1.0,
        0.0,
        0.0,
        0.4999999999999997,
        0.0,
        -0.8660254037844388,
        0.0,
        0.0,
        0.0,
        0.0,
        1.0
      ],
      [
        -0.5000000000000004,
        0.0,
        -0.8660254037844384,
        0.0,
        0.0,
        1.0,
        0.0,
        0.0,
        0.8660254037844384,
        0.0,
        -0.5000000000000004,
        0.0,
        0.0,
        0.0,
        0.0,
        1.0
      ],
      [
        -1.8369701987210297e-16,
        0.0,
        -1.0,
        0.0,
        0.0,
        1.0,
        0.0,
        0.0,
        1.0,
        0.0,
        -1.8369701987210297e-16,
        0.0,
        0.0,
        0.0,
        0.0,
        1.0
      ],
      [
        0.5000000000000001,
        0.0,
        -0.8660254037844386,
        0.0,
        0.0,
        1.0,
        0.0,
        0.0,
        0.8660254037844386,
        0.0,
        0.5000000000000001,
        0.0,
        0.0,
        0.0,
        0.0,
        1.0
      ],
      [
        0.8660254037844384,
        0.0,
        -0.5000000000000004,
        0.0,
        0.0,
        1.0,
        0.0,
        0.0,
        0.5000000000000004,
        0.0,
        0.8660254037844384,
        0.0,
        0.0,
        0.0,
        0.0,
        1.0
      ]
    ]
  },
  "13": {},
  "14": {},
  "15": {},
  "16": {},
  "17": {},
  "18": {}
}